3,2
3,1
3,3
10,194
10,20
10,114
10,276
10,218
10,172
10,258
10,1
10,84
10,2
10,3
11,29
11,17
11,21
11,16
11,11
11,1
11,18
11,2
11,3
9,7
9,4
9,1
9,6
9,2
9,3
8,8
8,7
8,9
8,12
8,4
8,15
8,1
8,17
8,2
8,3
12,2
12,1
12,3
69,4
69,3
69,2
69,1
20,2
69,0
68,5
68,4
68,3
20,1
68,2
68,1
20,3
68,0
65,3
65,2
65,1
65,0
60,4
60,3
60,2
60,1
60,0
58,3
19,2
58,2
58,1
19,1
58,0
53,3
53,2
53,1
19,3
53,0
52,4
52,3
52,2
52,1
52,0
50,4
50,3
50,2
50,1
50,0
48,3
48,2
48,1
48,0
47,4
47,3
47,2
47,1
47,0
44,4
44,3
44,2
44,1
18,1
44,0
43,4
43,3
18,3
43,2
43,1
43,0
41,5
41,4
41,3
41,2
41,1
41,0
38,5
38,4
38,3
14,3
38,2
